 26805
  5704
 32730
 28589
  1316
 32110
 52649
 12616
 49954
 53324
 15199
 12068
 17167
 26847
  9810
 50424
  2503
 29201
 48613
 34661
 25808
 35408
 53942
 63542
 19081
  7338
 33687
  7761
 19518
 65108
  6599
  1813
 51477
 46887
 45246
 23028
 55820
 20845
 36001
 28210
  1171
   860
  4296
 24094
 63808
 20000
 47958
 24772
 63531
 49029
 51321
 40264
   799
 12991
 13167
 14202
   563
 48725
  9208
 49479
 48773
  1932
 54664
  6290
 15524
 53556
 29808
 24476
  1181
  5154
 40892
 59790
 15697
 12775
 29355
  6475
 34221
 51640
  2444
 53238
 19227
 59988
 12102
 48394
 55905
  3938
 31959
 37099
 13118
   249
 58392
 47990
 21919
 35817
   872
  5110
 29695
 36517
 65124
 49911
 57443
 46954
 27666
 43889
 61671
 59810
 36503
 49148
 64539
 61175
  8901
 15163
 34764
 22022
 42052
 32774
  2762
 14895
 13320
 59978
 38319
 32361
 61227
 28830
 32804
 40158
 34545
 61860
 40680
 10179
 51102
 33805
 36396
  2814
 15638
 54228
 26172
 26736
 31096
  6326
 56969
 32316
 21419
 17057
 60115
 14130
 28479
 19623
  1415
 57306
